-8.099 10.0 0 2.2465233158928037
-7.824 -2.622 0.28459999999999974 0.45405912845135027
-7.878 -2.379 0.26680000000000037 0.44958823564457295
2.205 -3.638 0 2.699261149755614
-10.0 -8.044 0.7652000000000001 0.6285983751649378
10.0 10.0 0 0.6832398015265209
3.502 10.0 0 2.2956971875358474
-5.427 -10.0 0.7227999999999999 0.5596408083583612
10.0 4.197 0 2.582715667552276
-5.316 -6.336 0.4691000000000001 0.47597754224332894
-4.82 1.891 0 2.4984854936380962
-1.449 -10.0 0.5299 0.45270288546683685
10.0 -10.0 0 2.9918242066622165
-10.0 -4.445 0.5023999999999997 0.5467957026166169
-10.0 1.702 0 2.502158587713817
-2.314 -7.109 0.3822000000000001 0.4104891552891501
2.311 -10.0 0.32140000000000013 0.40894138015123876
