0.0 0.0 0 1.1677704157124948
9.989 0.0 1.6087000000000002 0.39953122929878715
9.724 0.0 1.5765000000000002 0.38731217192767564
5.17 0.0 0.43850000000000033 0.3164503335780619
7.33 0.0 1.1035 0.29048722238680297
8.428 0.0 1.3580999999999999 0.33980468875517306
9.002 0.0 1.4648999999999996 0.36292965233866825
8.082 0.0 1.2852000000000001 0.32236982586515955
8.676 0.0 1.4062000000000001 0.35147706301170395
9.158 0.0 1.491 0.36832711605763335
8.586 0.0 1.3891 0.34755764318311283
8.744 0.0 1.4188 0.3539979632521445
8.384 0.0 1.3492000000000002 0.33750581149317516
8.785 0.0 1.4263999999999997 0.35545363090235366
8.408 0.0 1.354 0.3387559870860833
8.536 0.0 1.3794 0.3452196623383438
8.947 0.0 1.4554999999999998 0.3610982997329122
8.325 0.0 1.3370000000000002 0.33443115291491604
8.648 0.0 1.4009 0.350366841129884
9.172 0.0 1.4933 0.36879334702965205
8.47 0.0 1.3664 0.34194688684063207
8.751 0.0 1.4202 0.35425382155548674
8.28 0.0 1.3277 0.3321341701933122
8.567 0.0 1.3855 0.3466986659454191
8.806 0.0 1.4301999999999997 0.3561986854762382
8.443 0.0 1.3611 0.3405684490646975
8.638 0.0 1.399 0.3499332504873848
8.279 0.0 1.3275000000000001 0.3320880111782619
