-1.99 0.49929999999999986 0.6824455820796264
8.879 0 5.6373716762612425
-2.008 0.5017999999999998 0.6838365662020425
-1.931 0.49109999999999987 0.6778746574220047
-1.865 0.48199999999999976 0.6727991492544416
-1.284 0.4018999999999995 0.6282620109974023
-3.028 0.6397999999999997 0.7621347510939256
-0.499 0.2704 0.5660436707865394
-4.411 0.8218000000000005 0.8671784967568674
-6.098 1.0358999999999994 0.9923394651277356
-0.861 0.3341000000000003 0.5948018447138511
-8.663 1.3443000000000005 1.1744174180631013
-1.523 0.43500000000000005 0.6465882555092538
-2.492 0.5676000000000001 0.7210000191487516
-1.133 0.38090000000000046 0.6167139138003942
-1.359 0.4123000000000001 0.6340075373566155
